116.99
117.579
118.047
118.417
118.71
118.942
119.124
119.268
119.381
119.471
119.541
119.596
119.64
119.674
119.701
Time (ps)         TotalE        PE            KE            kintemp       pressure 
0.000050    -828.616557   -1152.348650    323.732094    119.700941    9.313440e-33
0.000100    -828.614902   -1152.346906    323.732004    119.700908    9.313462e-33
0.000150    -828.613058   -1152.345058    323.732001    119.700906    9.313488e-33
0.000200    -828.610998   -1152.343108    323.732110    119.700947    9.313517e-33
0.000250    -828.608748   -1152.341055    323.732307    119.701020    9.313549e-33
0.000300    -828.606293   -1152.338899    323.732606    119.701130    9.313584e-33
0.000350    -828.603601   -1152.336640    323.733039    119.701290    9.313622e-33
0.000400    -828.600631   -1152.334278    323.733647    119.701515    9.313663e-33
0.000450    -828.597437   -1152.331813    323.734377    119.701785    9.313707e-33
0.000500    -828.594024   -1152.329246    323.735222    119.702097    9.313754e-33
0.000550    -828.590398   -1152.326575    323.736177    119.702451    9.313805e-33
0.000600    -828.586604   -1152.323802    323.737198    119.702828    9.313858e-33
0.000650    -828.582590   -1152.320926    323.738336    119.703249    9.313915e-33
0.000700    -828.578368   -1152.317947    323.739579    119.703708    9.313975e-33
0.000750    -828.573936   -1152.314865    323.740929    119.704208    9.314038e-33
0.000800    -828.569261   -1152.311680    323.742419    119.704759    9.314104e-33
0.000850    -828.564400   -1152.308392    323.743993    119.705340    9.314173e-33
0.000900    -828.559300   -1152.305002    323.745702    119.705973    9.314245e-33
0.000950    -828.553978   -1152.301508    323.747531    119.706649    9.314320e-33
0.001000    -828.548401   -1152.297912    323.749511    119.707381    9.314398e-33
0.001050    -828.542570   -1152.294213    323.751643    119.708169    9.314479e-33
0.001100    -828.536524   -1152.290411    323.753886    119.708999    9.314564e-33
0.001150    -828.530275   -1152.286506    323.756231    119.709865    9.314652e-33
0.001200    -828.523845   -1152.282498    323.758653    119.710761    9.314742e-33
0.001250    -828.517176   -1152.278387    323.761211    119.711707    9.314836e-33
0.001300    -828.510304   -1152.274173    323.763869    119.712690    9.314933e-33
0.001350    -828.503178   -1152.269857    323.766679    119.713729    9.315033e-33
0.001400    -828.495818   -1152.265437    323.769619    119.714816    9.315136e-33
0.001450    -828.488231   -1152.260915    323.772683    119.715949    9.315242e-33
0.001500    -828.480425   -1152.256289    323.775865    119.717125    9.315351e-33
0.001550    -828.472382   -1152.251561    323.779179    119.718351    9.315463e-33
0.001600    -828.464114   -1152.246729    323.782615    119.719621    9.315579e-33
0.001650    -828.455610   -1152.241795    323.786185    119.720941    9.315697e-33
0.001700    -828.446884   -1152.236757    323.789873    119.722305    9.315819e-33
0.001750    -828.437971   -1152.231617    323.793646    119.723700    9.315943e-33
0.001800    -828.428836   -1152.226374    323.797538    119.725139    9.316071e-33
0.001850    -828.419486   -1152.221027    323.801541    119.726619    9.316202e-33
0.001900    -828.409945   -1152.215578    323.805633    119.728132    9.316336e-33
0.001950    -828.400184   -1152.210026    323.809842    119.729688    9.316473e-33
 Forces

 0.000000e+00  -1.499390e-32  8.613433e-31  -1.347699e-32  -8.100762e-33  -0.000000e+00  -0.000000e+00  -0.000000e+00  -0.000000e+00  -0.000000e+00 
 1.499390e-32  0.000000e+00  -1.356722e-32  9.393027e-31  -1.358644e-32  -8.090435e-33  -0.000000e+00  -0.000000e+00  -0.000000e+00  -0.000000e+00 
 -8.613433e-31  1.356722e-32  0.000000e+00  -1.144964e-32  9.672587e-31  -1.353107e-32  -8.073740e-33  -0.000000e+00  -0.000000e+00  -0.000000e+00 
 1.347699e-32  -9.393027e-31  1.144964e-32  0.000000e+00  -1.197957e-32  8.807303e-31  -1.344095e-32  -8.009269e-33  -0.000000e+00  -0.000000e+00 
 8.100762e-33  1.358644e-32  -9.672587e-31  1.197957e-32  0.000000e+00  -1.398851e-32  8.443912e-31  -1.333703e-32  -7.999972e-33  -0.000000e+00 
 0.000000e+00  8.090435e-33  1.353107e-32  -8.807303e-31  1.398851e-32  0.000000e+00  -1.251441e-32  8.852717e-31  -1.351649e-32  -8.079215e-33 
 0.000000e+00  0.000000e+00  8.073740e-33  1.344095e-32  -8.443912e-31  1.251441e-32  0.000000e+00  -1.278133e-32  9.167736e-31  -1.349503e-32 
 0.000000e+00  0.000000e+00  0.000000e+00  8.009269e-33  1.333703e-32  -8.852717e-31  1.278133e-32  0.000000e+00  -1.207418e-32  9.269760e-31 
 0.000000e+00  0.000000e+00  0.000000e+00  0.000000e+00  7.999972e-33  1.351649e-32  -9.167736e-31  1.207418e-32  0.000000e+00  -1.357311e-32 
 0.000000e+00  0.000000e+00  0.000000e+00  0.000000e+00  0.000000e+00  8.079215e-33  1.349503e-32  -9.269760e-31  1.357311e-32  0.000000e+00 

 rij 

 0.000000e+00  0.000000e+00  0.000000e+00  0.000000e+00  0.000000e+00  0.000000e+00  0.000000e+00  0.000000e+00  0.000000e+00  0.000000e+00 
 3.868608e+00  0.000000e+00  0.000000e+00  0.000000e+00  0.000000e+00  0.000000e+00  0.000000e+00  0.000000e+00  0.000000e+00  0.000000e+00 
 3.457959e+00  3.863754e+00  0.000000e+00  0.000000e+00  0.000000e+00  0.000000e+00  0.000000e+00  0.000000e+00  0.000000e+00  0.000000e+00 
 6.222796e+00  3.443074e+00  3.856642e+00  0.000000e+00  0.000000e+00  0.000000e+00  0.000000e+00  0.000000e+00  0.000000e+00  0.000000e+00 
 6.895940e+00  6.214221e+00  3.437984e+00  3.858391e+00  0.000000e+00  0.000000e+00  0.000000e+00  0.000000e+00  0.000000e+00  0.000000e+00 
 9.295883e+00  6.897230e+00  6.218946e+00  3.454157e+00  3.864985e+00  0.000000e+00  0.000000e+00  0.000000e+00  0.000000e+00  0.000000e+00 
 1.035728e+01  9.291156e+00  6.899319e+00  6.225833e+00  3.461340e+00  3.860045e+00  0.000000e+00  0.000000e+00  0.000000e+00  0.000000e+00 
 1.256797e+01  1.035050e+01  9.291561e+00  6.907432e+00  6.233085e+00  3.453277e+00  3.860993e+00  0.000000e+00  0.000000e+00  0.000000e+00 
 1.380455e+01  1.255666e+01  1.034659e+01  9.293369e+00  6.908608e+00  6.220199e+00  3.447268e+00  3.858685e+00  0.000000e+00  0.000000e+00 
 1.590963e+01  1.379586e+01  1.255659e+01  1.035279e+01  9.300326e+00  6.898633e+00  6.221004e+00  3.445358e+00  3.863803e+00  0.000000e+00 

 dxij

 0.000000e+00  0.000000e+00  0.000000e+00  0.000000e+00  0.000000e+00  0.000000e+00  0.000000e+00  0.000000e+00  0.000000e+00  0.000000e+00 
 1.732825e+00  0.000000e+00  0.000000e+00  0.000000e+00  0.000000e+00  0.000000e+00  0.000000e+00  0.000000e+00  0.000000e+00  0.000000e+00 
 3.457958e+00  1.725133e+00  0.000000e+00  0.000000e+00  0.000000e+00  0.000000e+00  0.000000e+00  0.000000e+00  0.000000e+00  0.000000e+00 
 5.175896e+00  3.443071e+00  1.717938e+00  0.000000e+00  0.000000e+00  0.000000e+00  0.000000e+00  0.000000e+00  0.000000e+00  0.000000e+00 
 6.895939e+00  5.163115e+00  3.437982e+00  1.720044e+00  0.000000e+00  0.000000e+00  0.000000e+00  0.000000e+00  0.000000e+00  0.000000e+00 
 8.630052e+00  6.897227e+00  5.172094e+00  3.454156e+00  1.734112e+00  0.000000e+00  0.000000e+00  0.000000e+00  0.000000e+00  0.000000e+00 
 1.035728e+01  8.624452e+00  6.899319e+00  5.181381e+00  3.461337e+00  1.727225e+00  0.000000e+00  0.000000e+00  0.000000e+00  0.000000e+00 
 1.208333e+01  1.035050e+01  8.625369e+00  6.907432e+00  5.187388e+00  3.453276e+00  1.726050e+00  0.000000e+00  0.000000e+00  0.000000e+00 
 1.380454e+01  1.207172e+01  1.034659e+01  8.628649e+00  6.908605e+00  5.174493e+00  3.447268e+00  1.721217e+00  0.000000e+00  0.000000e+00 
 1.552868e+01  1.379586e+01  1.207072e+01  1.035279e+01  8.632743e+00  6.898631e+00  5.171405e+00  3.445355e+00  1.724138e+00  0.000000e+00 

 dyij

 0.000000e+00  0.000000e+00  0.000000e+00  0.000000e+00  0.000000e+00  0.000000e+00  0.000000e+00  0.000000e+00  0.000000e+00  0.000000e+00 
 3.458822e+00  0.000000e+00  0.000000e+00  0.000000e+00  0.000000e+00  0.000000e+00  0.000000e+00  0.000000e+00  0.000000e+00  0.000000e+00 
 1.581149e-03  3.457241e+00  0.000000e+00  0.000000e+00  0.000000e+00  0.000000e+00  0.000000e+00  0.000000e+00  0.000000e+00  0.000000e+00 
 3.454460e+00  4.361402e-03  3.452879e+00  0.000000e+00  0.000000e+00  0.000000e+00  0.000000e+00  0.000000e+00  0.000000e+00  0.000000e+00 
 6.768303e-04  3.458145e+00  9.043183e-04  3.453783e+00  0.000000e+00  0.000000e+00  0.000000e+00  0.000000e+00  0.000000e+00  0.000000e+00 
 3.454800e+00  4.021943e-03  3.453219e+00  3.394591e-04  3.454123e+00  0.000000e+00  0.000000e+00  0.000000e+00  0.000000e+00  0.000000e+00 
 2.753582e-03  3.456068e+00  1.172433e-03  3.451707e+00  2.076752e-03  3.452046e+00  0.000000e+00  0.000000e+00  0.000000e+00  0.000000e+00 
 3.456449e+00  2.373035e-03  3.454868e+00  1.988367e-03  3.455772e+00  1.648908e-03  3.453695e+00  0.000000e+00  0.000000e+00  0.000000e+00 
 2.921613e-03  3.455900e+00  1.340464e-03  3.451539e+00  2.244783e-03  3.451878e+00  1.680309e-04  3.453527e+00  0.000000e+00  0.000000e+00 
 3.460707e+00  1.885553e-03  3.459126e+00  6.246954e-03  3.460030e+00  5.907495e-03  3.457954e+00  4.258587e-03  3.457786e+00  0.000000e+00 

 dzij

 0.000000e+00  0.000000e+00  0.000000e+00  0.000000e+00  0.000000e+00  0.000000e+00  0.000000e+00  0.000000e+00  0.000000e+00  0.000000e+00 
 1.244794e-03  0.000000e+00  0.000000e+00  0.000000e+00  0.000000e+00  0.000000e+00  0.000000e+00  0.000000e+00  0.000000e+00  0.000000e+00 
 1.255970e-03  1.117552e-05  0.000000e+00  0.000000e+00  0.000000e+00  0.000000e+00  0.000000e+00  0.000000e+00  0.000000e+00  0.000000e+00 
 3.864117e-04  1.631206e-03  1.642382e-03  0.000000e+00  0.000000e+00  0.000000e+00  0.000000e+00  0.000000e+00  0.000000e+00  0.000000e+00 
 3.025657e-03  4.270451e-03  4.281627e-03  2.639245e-03  0.000000e+00  0.000000e+00  0.000000e+00  0.000000e+00  0.000000e+00  0.000000e+00 
 3.244019e-03  4.488814e-03  4.499989e-03  2.857608e-03  2.183625e-04  0.000000e+00  0.000000e+00  0.000000e+00  0.000000e+00  0.000000e+00 
 5.086009e-04  7.361936e-04  7.473691e-04  8.950126e-04  3.534258e-03  3.752620e-03  0.000000e+00  0.000000e+00  0.000000e+00  0.000000e+00 
 1.377088e-03  2.621883e-03  2.633058e-03  9.906763e-04  1.648569e-03  1.866931e-03  1.885689e-03  0.000000e+00  0.000000e+00  0.000000e+00 
 2.321080e-03  1.076286e-03  1.065110e-03  2.707492e-03  5.346737e-03  5.565100e-03  1.812479e-03  3.698168e-03  0.000000e+00  0.000000e+00 
 3.830174e-03  5.074969e-03  5.086144e-03  3.443762e-03  8.045174e-04  5.861549e-04  4.338775e-03  2.453086e-03  6.151255e-03  0.000000e+00 

 Accelerations
 7.893574e-06 -5.481940e-06 -5.307077e-06 
 8.987981e-06 -3.488606e-06 -5.861834e-06 
 -2.194244e-06 -5.668220e-06 -6.431919e-06 
 -6.260679e-06 -4.642710e-06 -8.590513e-06 
 -5.944401e-06 -6.403726e-06 -7.622926e-06 
 -5.513384e-06 -4.771330e-06 -8.973053e-06 
 -3.083536e-06 -6.409780e-06 -7.706074e-06 
 -4.944866e-06 -4.729479e-06 -8.964610e-06 
 -4.330122e-06 -6.419117e-06 -7.711877e-06 
 -6.256020e-06 -4.631501e-06 -8.885250e-06 
